 precision    recall  f1-score   support

         1.0       0.00      0.00      0.00        46
         2.0       0.64      0.68      0.66       780
         3.0       0.10      0.54      0.16        79
         4.0       0.00      0.00      0.00       237
         5.0       0.00      0.00      0.00        18
         6.0       0.84      1.00      0.91       238
         7.0       0.00      0.00      0.00        28
         8.0       0.00      0.00      0.00       478
         9.0       0.00      0.00      0.00        20
        10.0       0.06      0.00      0.01       741
        11.0       0.27      0.66      0.39       809
        12.0       0.12      0.23      0.16       190
        13.0       0.00      0.00      0.00       205
        14.0       0.46      0.99      0.63       120
        15.0       0.39      0.25      0.30       273
        16.0       0.00      0.00      0.00        93

   micro avg       0.36      0.36      0.36      4355
   macro avg       0.18      0.27      0.20      4355
weighted avg       0.27      0.36      0.29      4355

[[  0   0   0   0   0   0   0   0   0   0   9  37   0   0   0   0]
(tp_eca_2018) aizard@g12:~/Bureau/Cours/M2/s3/methodesSciencesDonnees/projet$ python projKNN.py
Chargement des donnees d entrainement  :
/auto_home/aizard/tp_eca_2018/lib/python3.6/site-packages/sklearn/metrics/classification.py:1143: UndefinedMetricWarning: Precision and F-score are ill-defined and being set to 0.0 in labels with no predicted samples.
  'precision', 'predicted', average, warn_for)
              precision    recall  f1-score   support

         1.0       0.00      0.00      0.00        46
         2.0       0.37      0.33      0.35       780
         3.0       0.05      0.29      0.09        79
         4.0       0.00      0.00      0.00       237
         5.0       0.00      0.00      0.00        18
         6.0       0.42      0.98      0.59       238
         7.0       0.00      0.00      0.00        28
         8.0       0.00      0.00      0.00       478
         9.0       0.00      0.00      0.00        20
        10.0       0.05      0.01      0.01       741
        11.0       0.25      0.64      0.36       809
        12.0       0.08      0.09      0.09       190
        13.0       0.00      0.00      0.00       205
        14.0       0.40      0.84      0.54       120
        15.0       0.19      0.04      0.06       297
        16.0       0.00      0.00      0.00        93

   micro avg       0.27      0.27      0.27      4379
   macro avg       0.11      0.20      0.13      4379
weighted avg       0.17      0.27      0.19      4379

[[  0  15   4   0   2   1   0   0   0   1   4  18   0   1   0   0]
 [  0 258  50   0   0   2   0   0   0  18 438  14   0   0   0   0]
 [  0  24  23   0   0   0   0   0   0   0  23   9   0   0   0   0]
 [  0  98  38   0   0  24   0   0   0   2  59  15   0   0   1   0]
 [  0   0   2   0   0   8   0   0   0   1   7   0   0   0   0   0]
 [  0   0   0   0   0 234   0   0   0   0   2   0   0   2   0   0]
 [  0   3   0   0   2   0   0   0   0   5  18   0   0   0   0   0]
 [  0 199   9   0  10  23   0   0   0   6 146  80   0   5   0   0]
 [  0   0   0   0   1  19   0   0   0   0   0   0   0   0   0   0]
 [  0  26  63   0   0   3   0   0   0   4 630  15   0   0   0   0]
 [  0  38 164   0  11   9   0   0   0  23 517  46   0   0   1   0]
 [  0   1  36   0   0   1   0   0   0  16 118  18   0   0   0   0]
 [  0   0   6   0   8 121   0   0   0   0  22   0   0  12  36   0]
 [  0   0   2   0   6   3   0   0   0   0   4   0   0 101   4   0]
 [  0   2   9   0   8 105   0   0   0   0  30   0   0 132  11   0]
 [  0  25  22   0   1   0   0   0   0   1  34   5   0   0   5   0]]