'precision', 'predicted', average, warn_for)
              precision    recall  f1-score   support
         1.0       0.00      0.00      0.00        46
         2.0       0.33      0.25      0.28       780
         3.0       0.01      0.05      0.01        79
         4.0       0.00      0.00      0.00       237
         5.0       0.00      0.06      0.00        18
         6.0       0.52      0.97      0.68       238
         7.0       0.00      0.00      0.00        28
         8.0       0.00      0.00      0.00       478
         9.0       0.00      0.00      0.00        20
        10.0       0.01      0.00      0.00       741
        11.0       0.27      0.46      0.34       809
        12.0       0.16      0.18      0.17       190
        13.0       0.00      0.00      0.00       205
        14.0       0.44      0.79      0.56       120
        15.0       0.17      0.13      0.15       297
        16.0       0.00      0.00      0.00        93

   micro avg       0.22      0.22      0.22      4379
   macro avg       0.12      0.18      0.14      4379
weighted avg       0.17      0.22      0.18      4379

[[  0   0   0   0  45   0   0   0   0   0   0   1   0   0   0   0]
 [  0 196  94   0   1   1   0   0   0  24 391  73   0   0   0   0]
 [  0  37   4   0   0   0   0   0   0  10  20   8   0   0   0   0]
 [  0 114   4   0   1  29   0   0   0  25  34  29   0   0   1   0]
 [  0   0   0   0   1   8   0   0   0   1   3   5   0   0   0   0]
 [  0   0   0   0   2 232   0   0   0   0   0   0   0   2   2   0]
 [  0   0   0   0   6   0   0   0   0  16   6   0   0   0   0   0]
 [  0   0   0   0 444   3   0   0   0  24   7   0   0   0   0   0]
 [  0   0   0   0   0  18   0   0   0   0   0   0   0   0   2   0]
 [  0 168  64   0   2   2   0   0   0   2 472  31   0   0   0   0]
 [  0  14 350   0  13  12   0   0   0  19 372  28   0   0   1   0]
 [  0  17  43   0   0   1   0   0   0  51  44  34   0   0   0   0]
 [  0   0   0   0   1  32   0   0   0   0   0   0   0   0 172   0]
 [  0   0   0   0  11   8   0   0   0   0   0   0   0  95   6   0]
 [  0   0   2   0  23  98   0   0   0   5   5   4   0 121  39   0]
 [  0  53  11   0   0   0   0   0   0   0  24   5   0   0   0   0]]