'precision', 'predicted', average, warn_for)
              precision    recall  f1-score   support

         1.0       0.00      0.00      0.00        46
         2.0       0.36      0.25      0.30       780
         3.0       0.06      0.46      0.11        79
         4.0       0.00      0.00      0.00       237
         5.0       0.01      0.28      0.02        18
         6.0       0.57      0.89      0.70       238
         7.0       0.00      0.00      0.00        28
         8.0       0.00      0.00      0.00       478
         9.0       0.00      0.00      0.00        20
        10.0       0.10      0.01      0.03       741
        11.0       0.23      0.43      0.30       809
        12.0       0.24      0.25      0.25       190
        13.0       0.00      0.00      0.00       205
        14.0       0.42      0.71      0.53       120
        15.0       0.22      0.24      0.23       297
        16.0       0.00      0.00      0.00        93

   micro avg       0.23      0.23      0.23      4379
   macro avg       0.14      0.22      0.15      4379
weighted avg       0.19      0.23      0.19      4379

[[  0   0   0   0  45   0   0   0   0   1   0   0   0   0   0   0]
 [  0 198  25   0   0   1   0   0   0  24 515  17   0   0   0   0]
 [  0  24  36   0   0   0   0   0   0   0   5  14   0   0   0   0]
 [  0 101  15   0   3  13   0   0   0  16  25  64   0   0   0   0]
 [  0   0   0   0   5   5   0   0   0   3   0   5   0   0   0   0]
 [  0   0   0   0   6 212   0   0   0   0   0   0   0   0  20   0]
 [  0   0   0   0  28   0   0   0   0   0   0   0   0   0   0   0]
 [  0   0   0   0 451   0   0   0   0  17  10   0   0   0   0   0]
 [  0   0   0   0   0  16   0   0   0   0   0   0   0   0   4   0]
 [  0 172  19   0   0   2   0   0   0  11 527  10   0   0   0   0]
 [  0  10 388   0   8  12   0   0   0  23 344  19   0   0   5   0]
 [  0   2  59   0   1   0   0   0   0  17  62  48   0   0   1   0]
 [  0   0   0   0   1   4   0   0   0   0   0   0   0   0 200   0]
 [  0   0   0   0   9  14   0   0   0   0   0   0   0  85  12   0]
 [  0   0   0   0  18  91   0   0   0   0   0   1   0 116  71   0]
 [  0  41  16   0   3   0   0   0   0   1  10  19   0   0   3   0]]