'precision', 'predicted', average, warn_for)
              precision    recall  f1-score   support

         1.0       0.00      0.00      0.00        46
         2.0       0.64      0.68      0.66       780
         3.0       0.10      0.54      0.16        79
         4.0       0.00      0.00      0.00       237
         5.0       0.00      0.00      0.00        18
         6.0       0.84      1.00      0.91       238
         7.0       0.00      0.00      0.00        28
         8.0       0.00      0.00      0.00       478
         9.0       0.00      0.00      0.00        20
        10.0       0.06      0.00      0.01       741
        11.0       0.27      0.66      0.39       809
        12.0       0.12      0.23      0.16       190
        13.0       0.00      0.00      0.00       205
        14.0       0.46      0.99      0.63       120
        15.0       0.39      0.25      0.30       273
        16.0       0.00      0.00      0.00        93

   micro avg       0.36      0.36      0.36      4355
   macro avg       0.18      0.27      0.20      4355
weighted avg       0.27      0.36      0.29      4355

[[  0   0   0   0   0   0   0   0   0   0   9  37   0   0   0   0]
 [  0 531   2   0   0   0   0   0   0   0 247   0   0   0   0   0]
 [  0  32  43   0   0   0   0   0   0   0   4   0   0   0   0   0]
 [  0 100  87   0   0   0   0   0   0   0  50   0   0   0   0   0]
 [  0   4   3   0   0   2   0   0   0   1   7   1   0   0   0   0]
 [  0   0   0   0   0 237   0   0   0   0   0   0   0   1   0   0]
 [  0   0   0   0   8   0   0   0   0  15   5   0   0   0   0   0]
 [  0  25   0   0   4   0   0   0   0   2 192 255   0   0   0   0]
 [  0   0   9   0   2   5   0   0   0   0   0   0   0   0   4   0]
 [  0  72   4   0   1   1   0   0   0   3 657   3   0   0   0   0]
 [  0   9 228   0   2   0   0   0   0  28 530  12   0   0   0   0]
 [  0   5   2   0   0   0   0   0   0   0 140  43   0   0   0   0]
 [  0   7  65   0   0   0   0   0   0   1  16   3   0  11 102   0]
 [  0   0   0   0   0   0   0   0   0   0   0   0   0 119   1   0]
 [  0   8   3   0   0  36   0   0   0   0  32   0   0 126  68   0]
 [  0  35   0   0   0   0   0   0   0   0  54   4   0   0   0   0]]